
4
8
32
68
100
120
144
252
256
260
268
272
276
356
360
384
388
392
396
404
428
440
448
464
552
556
564
568
580
584
664
672
676
740
752
800
828
840
852
896
916
960
1004
1036
1040
1048
1080
1100
1120
1128
1140
1148
1152
1168
1172
1176
1184
1216
1228
1240
1244
1248
1264
1280
1288
1308
1320
1344
1364
1388
1396
1404
1424
1428
1444
1472
1476
1492
1496
1536
1544
1548
1556
1560
1568
1572
1576
1580
1624
1656
1668
1680
1704
1712
1720
1756
1776
1804
1816
1824
1832
1844
1852
1856
1860
1872
1908
1920
1928
1932
1940
1952
1956
1972
1984
2000
2008
2016
2024
2028
2036
2044
2068
2120
2152
2180
2184
2212
2232
2244
2256
2272
2280
2284
2344
2364
2368
2384
2396
2400
2424
2436
2444
2456
2468
2484
2492
2516
2520
2532
2568
2576
2592
2628
2636
2644
2648
2664
2668
2676
2688
2700
2772
2780
2792
2800
2812
2816
2828
2832
2844
2852
2884
2888
2900
2916
2932
2936
2944
2956
2980
2996
3020
3108
3124
3132
3144
3148
3184
3196
3228
3244
3280
3296
3308
3312
3320
3336
3360
3372
3376
3384
3412
3424
3432
3440
3448
3492
3496
3532
3580
3584
3592
3596
3600
3604
3620
3632
3652
3672
3676
3712
3716
3740
3752
3768
3800
3808
3828
3860
3868
3900
3916
3944
3960
3980
3988
4004
4008
4036
4056
4072
4080
4088
4104
4116
4128
4140
4144
4156
4168
4176
4188
4200
4204
4220
4228
4256
4268
4276
4280
4292
4312
4352
4376
4384
4396
4432
4452
4472
4480
4496
4508
4520
4536
4568
4576
4584
4588
4608
4620
4624
4652
4660
4668
4676
4680
4684
4692
4708
4748
4756
4760
4772
4784
4840
4864
4872
4904
4912
4920
4928
4932
4936
4940
4944
4948
4964
4988
4992
4996
5012
5020
5028
5036
5048
5068
5084
5104
5124
5128
5132
5136
5140
5152
5176
5228
5232
5240
5244
5264
5276
5288
5332
5340
5348
5368
5380
5392
5408
5424
5440
5444
5508
5528
5532
5560
5584
5592
5608
5624
5648
5652
5676
5696
5708
5712
5716
5724
5772
5836
5848
5856
5864
5876
5888
5896
5900
5924
5928
5944
5976
5996
6004
6012
6020
6032
6040
6060
6064
6072
6100
6108
6136
6140
6172
6184
6188
6192
6204
6244
6248
6252
6264
6272
6276
6308
6324
6332
6340
6372
6380
6384
6400
6404
6416
6420
6424
6428
6436
6440
6444
6452
6468
6476
6500
6508
6520
6524
6532
6552
6608
6612
6620
6624
6628
6636
6656
6668
6672
6680
6688
6700
6704
6708
6712
6716
6728
6732
6736
6748
6756
6760
6764
6776
6780
6784
6820
6824
6828
6836
6844
6848
6864
6920
6928
6932
6936
6944
6948
6956
6960
6968
6976
6988
7004
7016
7032
7040
7048
7052
7064
7080
7116
7128
7152
7156
7160
7180
7196
7216
7220
7244
7272
7276
7288
7292
7296
7304
7316
7336
7348
7352
7364
7384
7388
7400
7404
7424
7444
7464
7476
7480
7504
7516
7520
7524
7544
7616
7624
7632
7636
7640
7684
7712
7728
7732
7736
7748
7756
7768
7780
7784
7788
7792
7812
7820
7824
7856
7872
7876
7896
7912
7924
7960
7964
7980
7992
8012
8016
8020
8028
8036
8040
8084
8092
8120
8124
8128
8136
8156
8164
8172
8188
8196
8200
8216
8232
8244
8256
8268
8272
8280
8292
8296
8312
8332
8352
8368
8376
8384
8396
8408
8416
8420
8424
8432
8436
8440
8468
8512
8516
8524
8536
8556
8604
8612
8620
8628
8636
8676
8700
8728
8748
8764
8776
8780
8792
8800
8816
8828
8872
8888
8908
8920
8952
8964
8968
8984
8996
9044
9048
9052
9060
9108
9120
9124
9136
9144
9152
9168
9176
9184
9188
9196
9204
9212
9236
9240
9244
9264
9268
9272
9276
9284
9288
9312
9316
9324
9332
9352
9356
9360
9368
9424
9460
9464
9472
9488
9496
9528
9540
9564
9588
9596
9600
9608
9612
9620
9628
9632
9636
9644
9648
9652
9660
9708
9732
9736
9740
9768
9788
9800
9836
9844
9860
9868
9900
9904
9908
9916
9924
9952
9956
9960
9964
9972
9996
10044
10052
10064
10104
10108
10136
10144
10148
10160
10168
10180
10192
10196
10216
10228
10244
10248
10252
10264
10268
10272
10304
10316
10348
10356
10364
10376
10388
10440
10452
10456
10464
10488
10500
10512
10540
10552
10556
10580
10588
10596
10608
10616
10624
10644
10652
10672
10676
10684
10692
10724
10756
10772
10776
10792
10800
10808
10812
10832
10836
10864
10916
10924
10932
10936
10948
10968
10972
10980
10988
11008
11012
11016
11024
11064
11088
11092
11096
11100
11108
11128
11136
11156
11164
11176
11196
11200
11208
11232
11244
11252
11280
11284
11296
11304
11312
11320
11328
11348
11368
11380
11392
11400
11420
11432
11440
11444
11448
11460
11496
11504
11540
11560
11564
11580
11584
11612
11628
11636
11640
11672
11708
11712
11756
11760
11764
11768
11800
11808
11816
11824
11828
11876
11892
11896
11916
11920
11944
11948
11968
11972
12004
12008
12020
12032
12036
12040
12096
12124
12132
12144
12160
12176
12184
12188
12204
12228
12244
12248
12252
12264
12272
12292
12296
12300
12304
12308
12324
12332
12340
12344
12348
12416
12428
12448
12456
12492
12516
12532
12556
12572
12576
12580
12592
12604
12612
12628
12656
12676
12684
12692
12700
12728
12732
12752
12756
12772
12776
12780
12792
12808
12820
12824
12880
12888
12900
12932
12936
12956
12972
12984
12992
13004
13008
13020
13024
13028
13032
13044
13048
13052
13056
13064
13096
13124
13140
13160
13176
13196
13224
13252
13260
13276
13316
13320
13336
13368
13372
13380
13400
13468
13500
13520
13524
13532
13556
13560
13572
13592
13596
13608
13620
13636
13676
13708
13712
13720
13780
13792
13796
13804
13808
13816
13820
13844
13876
13880
13904
13920
13936
13948
13960
13968
13988
13996
14004
14016
14028
14032
14080
14092
14100
14116
14120
14136
14140
14152
14176
14184
14196
14220
14228
14236
14240
14284
14292
14300
14304
14308
14324
14348
14356
14364
14376
14380
14392
14412
14420
14432
14444
14448
14456
14468
14484
14488
14492
14496
14500
14504
14508
14512
14532
14540
14560
14572
14576
14584
14600
14612
14616
14668
14688
14704
14720
14732
14740
14752
14756
14768
14776
14784
14788
14800
14808
14812
14820
14824
14828
14832
14852
14868
14880
14892
14904
14908
14912
14968
14972
14984
15012
15052
15072
15088
15104
15112
15120
15124
15132
15136
15140
15152
15156
15180
15184
15216
15240
15268
15276
15280
15296
15324
15332
15336
15348
15368
15380
15388
15416
15428
15444
15448
15456
15460
15472
15476
15488
15492
15504
15508
15516
15532
15536
15548
15552
15584
15604
15608
15636
15648
15652
15656
15672
15676
15680
15708
15712
15716
15720
15728
15744
15792
15832
15836
15840
15844
15860
15876
15884
15916
15944
15948
15952
15980
16000
16004
16024
16032
16044
16052
16056
16072
16112
16116
16128
16144
16164
16176
16184
16204
16208
16216
16240
16248
16252
16256
16260
16264
16268
16292
16304
16312
16320
16328
16332
16336
16352
16356
16360
16392
16396
16404
16408
16412
16420
16424
16428
16456
16464
16472
16476
16520
16528
16532
16544
16556
16564
16568
16572
16592
16596
16600
16604
16620
16640
16644
16656
16676
16680
16684
16700
16724
16764
16768
16772
16792
16804
16816
16824
16828
16836
16844
16864
16872
16924
16940
16944
16956
16976
16980
16988
16992
16996
17000
17004
17032
17036
17044
17064
17092
17100
17120
17124
17156
17176
17200
17208
17220
17224
17244
17268
17272
17284
17300
17316
17328
17336
17340
17348
17368
17376
17384
17412
17416
17420
17424
17436
17444
17448
17464
17468
17476
17484
17488
17500
17504
17512
17520
17524
17536
17552
17560
17592
17600
17604
17612
17616
17624
17636
17644
17696
17716
17736
17748
17816
17824
17840
17844
17848
17852
17860
17864
17880
17888
17892
17896
17916
17920
17924
17928
17932
17936
17960
17968
17972
18008
18016
18048
18052
18060
18088
18092
18116
18132
18148
18180
18192
18200
18212
18240
18280
18304
18316
18324
18336
18348
18356
18368
18384
18412
18420
18424
18428
18436
18440
18448
18452
18456
18488
18512
18516
18536
18544
18556
18560
18568
18580
18584
18592
18596
18600
18612
18628
18660
18664
18676
18688
18700
18720
18740
18748
18752
18760
18764
18796
18800
18812
18820
18848
18880
18888
18916
18920
18932
18936
18940
18948
18952
18968
18976
18984
18992
19012
19020
19044
19060
19072
19088
19092
19096
19100
19108
19112
19120
19124
19148
19152
19156
19168
19172
19180
19200
19204
19240
19248
19252
19268
19284
19304
19328
19332
19340
19344
19348
19360
19376
19388
19396
19404
19412
19428
19436
19452
19464
19480
19488
19496
19504
19508
19516
19524
19532
19544
19548
19552
19572
19580
19604
19608
19616
19620
19624
19636
19644
19648
19652
19668
19684
19696
19700
19712
19756
19788
19792
19804
19812
19816
19836
19844
19848
19856
19864
19872
19880
19896
19900
19908
19920
19932
19944
19956
19964
19968
19976
19984
20000
20008
20016
20040
20044
20048
20052
20056
20060
20064
20072
20112
20120
20124
20132
20140
20148
20156
20172
20180
20184
20188
20192
20196
20208
20244
20248
20268
20276
20284
20300
20316
20320
20344
20348
20396
20404
20416
20420
20436
20448
20452
20460
20464
20468
20472
20504
20536
20540
20544
20564
20568
20588
20592
20600
20612
20616
20624
20628
20632
20636
20652
20656
20660
20672
20700
20704
20724
20732
20760
20768
20788
20804
20812
20820
20828
20848
20852
20856
20864
20872
20880
20892
20908
20920
20924
20940
20952
20960
20964
20992
21000
21012
21016
21028
21036
21060
21064
21076
21080
21096
21124
21140
21148
21164
21168
21172
21188
21192
21208
21212
21216
21228
21232
21236
21264
21276
21280
21288
21308
21312
21320
21328
21352
21368
21372
21396
21400
21408
21424
21432
21448
21468
21472
21484
21500
21512
21520
21524
21544
21552
21564
21580
21584
21592
21600
21608
21612
21632
21644
21648
21680
21688
21712
21724
21728
21732
21744
21768
21808
21836
21840
21852
21856
21868
21872
21888
21892
21904
21908
21920
21924
21928
21940
21964
21968
21992
22000
22008
22016
22044
22056
22084
22100
22104
22124
22136
22140
22160
22168
22180
22184
22188
22196
22224
22236
22240
22244
22248
22252
22256
22264
22276
22280
22288
22296
22312
22320
22324
22336
22372
22376
22380
22384
22388
22392
22404
22420
22436
22448
22456
22472
22476
22480
22488
22496
22504
22512
22520
22536
22540
22544
22552
22556
22568
22572
22580
22592
22596
22604
22612
22620
22636
22640
22652
22660
22724
22728
22736
22748
22756
22760
22764
22784
22788
22800
22808
22816
22828
22840
22852
22864
22888
22892
22896
22900
22908
22912
22916
22920
22936
22940
22948
22960
22964
22968
22972
22984
22996
23000
23024
23060
23068
23072
23076
23092
23096
23104
23120
23128
23140
23144
23148
23152
23156
23176
23188
23212
23216
23220
23224
23228
23232
23240
23256
23260
23276
23280
23288
23324
23332
23344
23376
23384
23388
23392
23404
23412
23428
23440
23448
23456
23464
23468
23480
23484
23492
23504
23520
23528
23532
23540
23544
23592
23596
23604
23616
23636
23640
23644
23676
23688
23692
23704
23724
23736
23740
23760
23764
23772
23800
23808
23816
23820
23848
23860
23876
23912
23920
23924
23932
23972
23984
23996
24000
24016
24024
24036
24040
24060
24072
24132
24156
24164
24176
24180
24200
24216
24224
24256
24272
24284
24296
24300
24320
24324
24328
24340
24348
24352
24396
24424
24432
24452
24460
24480
24484
24488
24492
24496
24512
24516
24520
24528
24548
24552
24560
24568
24596
24604
24612
24616
24636
24668
24676
24680
24684
24700
24712
24716
24744
24752
24768
24792
24800
24812
24844
24856
24876
24896
24900
24912
24924
24960
24964
25008
25012
25024
25044
25052
25064
25104
25120
25124
25128
25132
25136
25144
25152
25156
25160
25168
25184
25192
25204
25208
25220
25236
25240
25248
25276
25300
25304
25324
25332
25340
25352
25356
25372
25376
25424
25428
25448
25452
25476
25480
25508
25512
25516
25520
25524
25528
25548
25556
25560
25568
25576
25584
25588
25592
25616
25620
25632
25640
25648
25652
25656
25660
25668
25676
25712
25764
25820
25824
25832
25848
25856
25896
25908
25924
25928
25936
25944
25960
25964
25968
25980
25988
26040
26064
26068
26076
26144
26164
26172
26192
26196
26208
26264
26280
26292
26312
26316
26336
26340
26352
26396
26400
26408
26416
26420
26432
26456
26476
26492
26512
26524
26544
26556
26568
26580
26592
26600
26608
26648
26660
26692
26708
26720
26724
26744
26748
26772
26784
26804
26812
26820
26828
26832
26840
26844
26864
26876
26892
26900
26912
26920
26928
26940
26968
26976
26980
26988
26992
27000
27008
27016
27032
27036
27056
27064
27068
27088
27112
27128
27156
27160
27184
27188
27200
27220
27232
27288
27308
27348
27352
27360
27364
27372
27376
27396
27400
27412
27416
27432
27460
27476
27480
27512
27572
27600
27604
27608
27620
27628
27632
27644
27668
27672
27688
27704
27716
27736
27740
27744
27748
27760
27764
27772
27792
27804
27808
27812
27820
27828
27840
27872
27888
27896
27900
27908
27916
27956
27972
27976
27980
27984
28016
28020
28028
28052
28060
28064
28076
28084
28104
28116
28120
28124
28128
28148
28152
28164
28176
28180
28184
28188
28196
28204
28212
28228
28232
28244
28260
28268
28284
28296
28316
28324
28356
28360
28368
28404
28412
28432
28436
28464
28468
28472
28520
28532
28536
28548
28552
28556
28560
28564
28568
28572
28580
28620
28628
28640
28656
28664
28864
29440
29484
29664
29900
30012
30124
30216
30328
